periapsis (km) Flight Path Angle (deg)
  1.00  89.19388573
  2.00  88.85987925
  3.00  88.60351227
  4.00  88.38732228
  5.00  88.19680000
  6.00  88.02450493
  7.00  87.86601752
  8.00  87.71845847
  9.00  87.57982798
 10.00  87.44867019
 11.00  87.32388610
 12.00  87.20462203
 13.00  87.09019911
 14.00  86.98006701
 15.00  86.87377219
 16.00  86.77093567
 17.00  86.67123689
 18.00  86.57440188
 19.00  86.48019425
 20.00  86.38840838
 21.00  86.29886407
 22.00  86.21140237
 23.00  86.12588221
 24.00  86.04217773
 25.00  85.96017604
 26.00  85.87977546
 27.00  85.80088402
 28.00  85.72341818
 29.00  85.64730181
 30.00  85.57246531
 31.00  85.49884483
 32.00  85.42638163
 33.00  85.35502154
 34.00  85.28471446
 35.00  85.21541398
 36.00  85.14707695
 37.00  85.07966322
 38.00  85.01313533
 39.00  84.94745829
 40.00  84.88259933
 41.00  84.81852771
 42.00  84.75521458
 43.00  84.69263277
 44.00  84.63075671
 45.00  84.56956226
 46.00  84.50902663
 47.00  84.44912825
 48.00  84.38984670
 49.00  84.33116263
 50.00  84.27305765
 51.00  84.21551431
 52.00  84.15851600
 53.00  84.10204691
 54.00  84.04609198
 55.00  83.99063684
 56.00  83.93566776
 57.00  83.88117164
 58.00  83.82713595
 59.00  83.77354868
 60.00  83.72039836
 61.00  83.66767396
 62.00  83.61536494
 63.00  83.56346116
 64.00  83.51195288
 65.00  83.46083076
 66.00  83.41008579
 67.00  83.35970932
 68.00  83.30969302
 69.00  83.26002887
 70.00  83.21070913
 71.00  83.16172634
 72.00  83.11307331
 73.00  83.06474308
 74.00  83.01672896
 75.00  82.96902445
 76.00  82.92162328
 77.00  82.87451941
 78.00  82.82770696
 79.00  82.78118025
 80.00  82.73493380
 81.00  82.68896227
 82.00  82.64326051
 83.00  82.59782351
 84.00  82.55264642
 85.00  82.50772453
 86.00  82.46305327
 87.00  82.41862821
 88.00  82.37444503
 89.00  82.33049955
 90.00  82.28678770
 91.00  82.24330553
 92.00  82.20004918
 93.00  82.15701491
 94.00  82.11419908
 95.00  82.07159815
 96.00  82.02920866
 97.00  81.98702725
 98.00  81.94505065
 99.00  81.90327567
100.00  81.86169919
101.00  81.82031818
102.00  81.77912968
103.00  81.73813081
104.00  81.69731876
105.00  81.65669077
106.00  81.61624417
107.00  81.57597632
108.00  81.53588469
109.00  81.49596677
110.00  81.45622011
111.00  81.41664234
112.00  81.37723112
113.00  81.33798418
114.00  81.29889928
115.00  81.25997424
116.00  81.22120694
117.00  81.18259528
118.00  81.14413723
119.00  81.10583078
120.00  81.06767399
121.00  81.02966493
122.00  80.99180173
123.00  80.95408255
124.00  80.91650560
125.00  80.87906910
126.00  80.84177133
127.00  80.80461061
128.00  80.76758526
129.00  80.73069365
130.00  80.69393421
131.00  80.65730535
132.00  80.62080554
133.00  80.58443328
134.00  80.54818709
135.00  80.51206551
136.00  80.47606713
137.00  80.44019055
138.00  80.40443439
139.00  80.36879732
140.00  80.33327800
141.00  80.29787514
142.00  80.26258747
143.00  80.22741372
144.00  80.19235267
145.00  80.15740312
146.00  80.12256386
147.00  80.08783374
148.00  80.05321160
149.00  80.01869632
150.00  79.98428678
151.00  79.94998189
152.00  79.91578059
153.00  79.88168181
154.00  79.84768453
155.00  79.81378770
156.00  79.77999034
157.00  79.74629145
158.00  79.71269006
159.00  79.67918522
160.00  79.64577597
161.00  79.61246140
162.00  79.57924058
163.00  79.54611263
164.00  79.51307666
165.00  79.48013179
166.00  79.44727716
167.00  79.41451194
168.00  79.38183528
169.00  79.34924637
170.00  79.31674441
171.00  79.28432859
172.00  79.25199812
173.00  79.21975225
174.00  79.18759020
175.00  79.15551123
176.00  79.12351459
177.00  79.09159955
178.00  79.05976541
179.00  79.02801144
180.00  78.99633695
181.00  78.96474125
182.00  78.93322365
183.00  78.90178350
184.00  78.87042013
185.00  78.83913288
186.00  78.80792112
187.00  78.77678421
188.00  78.74572151
189.00  78.71473243
190.00  78.68381634
191.00  78.65297264
192.00  78.62220075
193.00  78.59150007
194.00  78.56087002
195.00  78.53031005
196.00  78.49981957
197.00  78.46939805
198.00  78.43904492
199.00  78.40875965
200.00  78.37854170
201.00  78.34839055
202.00  78.31830566
203.00  78.28828653
204.00  78.25833265
205.00  78.22844351
206.00  78.19861862
207.00  78.16885748
208.00  78.13915962
209.00  78.10952455
210.00  78.07995181
211.00  78.05044091
212.00  78.02099141
213.00  77.99160285
214.00  77.96227477
215.00  77.93300673
216.00  77.90379829
217.00  77.87464901
218.00  77.84555847
219.00  77.81652623
220.00  77.78755189
221.00  77.75863501
222.00  77.72977520
223.00  77.70097205
224.00  77.67222515
225.00  77.64353410
226.00  77.61489852
227.00  77.58631802
228.00  77.55779221
229.00  77.52932071
230.00  77.50090315
231.00  77.47253915
232.00  77.44422835
233.00  77.41597039
234.00  77.38776490
235.00  77.35961153
236.00  77.33150993
237.00  77.30345975
238.00  77.27546064
239.00  77.24751227
240.00  77.21961429
241.00  77.19176638
242.00  77.16396820
243.00  77.13621943
244.00  77.10851974
245.00  77.08086882
246.00  77.05326634
247.00  77.02571199
248.00  76.99820546
249.00  76.97074646
250.00  76.94333466
251.00  76.91596977
252.00  76.88865149
253.00  76.86137953
254.00  76.83415360
255.00  76.80697340
256.00  76.77983865
257.00  76.75274907
258.00  76.72570437
259.00  76.69870428
260.00  76.67174853
261.00  76.64483683
262.00  76.61796892
263.00  76.59114453
264.00  76.56436339
265.00  76.53762526
266.00  76.51092985
267.00  76.48427693
268.00  76.45766622
269.00  76.43109749
270.00  76.40457047
271.00  76.37808493
272.00  76.35164061
273.00  76.32523727
274.00  76.29887467
275.00  76.27255258
276.00  76.24627075
277.00  76.22002895
278.00  76.19382695
279.00  76.16766452
280.00  76.14154143
281.00  76.11545745
282.00  76.08941237
283.00  76.06340595
284.00  76.03743797
285.00  76.01150823
286.00  75.98561650
287.00  75.95976256
288.00  75.93394622
289.00  75.90816724
290.00  75.88242544
291.00  75.85672059
292.00  75.83105250
293.00  75.80542095
294.00  75.77982576
295.00  75.75426671
296.00  75.72874362
297.00  75.70325628
298.00  75.67780449
299.00  75.65238807
300.00  75.62700683
301.00  75.60166057
302.00  75.57634911
303.00  75.55107225
304.00  75.52582981
305.00  75.50062162
306.00  75.47544748
307.00  75.45030722
308.00  75.42520065
309.00  75.40012760
310.00  75.37508790
311.00  75.35008136
312.00  75.32510782
313.00  75.30016710
314.00  75.27525902
315.00  75.25038343
316.00  75.22554016
317.00  75.20072902
318.00  75.17594987
319.00  75.15120254
320.00  75.12648686
321.00  75.10180268
322.00  75.07714982
323.00  75.05252814
324.00  75.02793748
325.00  75.00337767
326.00  74.97884857
327.00  74.95435001
328.00  74.92988186
329.00  74.90544395
330.00  74.88103613
331.00  74.85665825
332.00  74.83231018
333.00  74.80799175
334.00  74.78370282
335.00  74.75944326
336.00  74.73521290
337.00  74.71101162
338.00  74.68683927
339.00  74.66269571
340.00  74.63858079
341.00  74.61449439
342.00  74.59043635
343.00  74.56640656
344.00  74.54240486
345.00  74.51843113
346.00  74.49448524
347.00  74.47056704
348.00  74.44667641
349.00  74.42281321
350.00  74.39897733
351.00  74.37516862
352.00  74.35138697
353.00  74.32763223
354.00  74.30390430
355.00  74.28020303
356.00  74.25652832
357.00  74.23288002
358.00  74.20925803
359.00  74.18566222
360.00  74.16209247
361.00  74.13854866
362.00  74.11503066
363.00  74.09153837
364.00  74.06807166
365.00  74.04463042
366.00  74.02121453
367.00  73.99782388
368.00  73.97445835
369.00  73.95111782
370.00  73.92780219
371.00  73.90451134
372.00  73.88124517
373.00  73.85800356
374.00  73.83478639
375.00  73.81159357
376.00  73.78842499
377.00  73.76528053
378.00  73.74216009
379.00  73.71906356
380.00  73.69599084
381.00  73.67294183
382.00  73.64991641
383.00  73.62691449
384.00  73.60393596
385.00  73.58098073
386.00  73.55804868
387.00  73.53513972
388.00  73.51225375
389.00  73.48939067
390.00  73.46655039
391.00  73.44373279
392.00  73.42093779
393.00  73.39816528
394.00  73.37541518
395.00  73.35268739
396.00  73.32998180
397.00  73.30729833
398.00  73.28463689
399.00  73.26199737
400.00  73.23937969
401.00  73.21678376
402.00  73.19420948
403.00  73.17165676
404.00  73.14912552
405.00  73.12661565
406.00  73.10412708
407.00  73.08165972
408.00  73.05921347
409.00  73.03678825
410.00  73.01438397
411.00  72.99200054
412.00  72.96963789
413.00  72.94729591
414.00  72.92497454
415.00  72.90267368
416.00  72.88039325
417.00  72.85813317
418.00  72.83589335
419.00  72.81367371
420.00  72.79147417
421.00  72.76929465
422.00  72.74713507
423.00  72.72499534
424.00  72.70287539
425.00  72.68077514
426.00  72.65869450
427.00  72.63663341
428.00  72.61459177
429.00  72.59256952
430.00  72.57056657
431.00  72.54858286
432.00  72.52661830
433.00  72.50467281
434.00  72.48274633
435.00  72.46083877
436.00  72.43895007
437.00  72.41708014
438.00  72.39522892
439.00  72.37339633
440.00  72.35158230
441.00  72.32978675
442.00  72.30800962
443.00  72.28625083
444.00  72.26451031
445.00  72.24278799
446.00  72.22108380
447.00  72.19939767
448.00  72.17772953
449.00  72.15607931
450.00  72.13444695
451.00  72.11283236
452.00  72.09123549
453.00  72.06965627
454.00  72.04809463
455.00  72.02655050
456.00  72.00502382
457.00  71.98351452
458.00  71.96202253
459.00  71.94054780
460.00  71.91909024
461.00  71.89764981
462.00  71.87622643
463.00  71.85482004
464.00  71.83343057
465.00  71.81205797
466.00  71.79070217
467.00  71.76936311
468.00  71.74804072
469.00  71.72673495
470.00  71.70544572
471.00  71.68417299
472.00  71.66291668
473.00  71.64167674
474.00  71.62045311
475.00  71.59924573
476.00  71.57805454
477.00  71.55687947
478.00  71.53572047
479.00  71.51457748
480.00  71.49345044
481.00  71.47233930
482.00  71.45124399
483.00  71.43016446
484.00  71.40910065
485.00  71.38805250
486.00  71.36701996
487.00  71.34600297
488.00  71.32500148
489.00  71.30401542
490.00  71.28304474
491.00  71.26208939
492.00  71.24114931
493.00  71.22022445
494.00  71.19931475
495.00  71.17842016
496.00  71.15754063
497.00  71.13667610
498.00  71.11582651
499.00  71.09499182
500.00  71.07417197
501.00  71.05336691
502.00  71.03257658
503.00  71.01180094
504.00  70.99103993
505.00  70.97029351
506.00  70.94956161
507.00  70.92884419
508.00  70.90814121
509.00  70.88745259
510.00  70.86677831
511.00  70.84611830
512.00  70.82547252
513.00  70.80484092
514.00  70.78422345
515.00  70.76362005
516.00  70.74303069
517.00  70.72245531
518.00  70.70189386
519.00  70.68134629
520.00  70.66081257
521.00  70.64029263
522.00  70.61978644
523.00  70.59929394
524.00  70.57881509
525.00  70.55834984
526.00  70.53789815
527.00  70.51745996
528.00  70.49703524
529.00  70.47662394
530.00  70.45622600
531.00  70.43584139
532.00  70.41547006
533.00  70.39511196
534.00  70.37476706
535.00  70.35443530
536.00  70.33411664
537.00  70.31381104
538.00  70.29351845
539.00  70.27323883
540.00  70.25297214
541.00  70.23271833
542.00  70.21247735
543.00  70.19224918
544.00  70.17203375
545.00  70.15183104
546.00  70.13164100
547.00  70.11146358
548.00  70.09129874
549.00  70.07114645
550.00  70.05100666
551.00  70.03087932
552.00  70.01076441
553.00  69.99066187
554.00  69.97057166
555.00  69.95049376
556.00  69.93042810
557.00  69.91037466
558.00  69.89033339
559.00  69.87030426
560.00  69.85028722
561.00  69.83028224
562.00  69.81028927
563.00  69.79030828
564.00  69.77033922
565.00  69.75038207
566.00  69.73043677
567.00  69.71050329
568.00  69.69058159
569.00  69.67067163
570.00  69.65077339
571.00  69.63088681
572.00  69.61101185
573.00  69.59114850
574.00  69.57129669
575.00  69.55145641
576.00  69.53162760
577.00  69.51181024
578.00  69.49200428
579.00  69.47220969
580.00  69.45242644
581.00  69.43265449
582.00  69.41289379
583.00  69.39314432
584.00  69.37340604
585.00  69.35367891
586.00  69.33396290
587.00  69.31425798
588.00  69.29456410
589.00  69.27488123
590.00  69.25520934
591.00  69.23554839
592.00  69.21589835
593.00  69.19625918
594.00  69.17663085
595.00  69.15701333
596.00  69.13740657
597.00  69.11781055
598.00  69.09822524
599.00  69.07865059
600.00  69.05908658
601.00  69.03953317
602.00  69.01999032
603.00  69.00045802
604.00  68.98093622
605.00  68.96142488
606.00  68.94192398
607.00  68.92243349
608.00  68.90295337
609.00  68.88348359
610.00  68.86402412
611.00  68.84457492
612.00  68.82513596
613.00  68.80570722
614.00  68.78628865
615.00  68.76688024
616.00  68.74748194
617.00  68.72809373
618.00  68.70871557
619.00  68.68934743
620.00  68.66998929
621.00  68.65064111
622.00  68.63130286
623.00  68.61197451
624.00  68.59265603
625.00  68.57334739
626.00  68.55404855
627.00  68.53475950
628.00  68.51548020
629.00  68.49621062
630.00  68.47695072
631.00  68.45770049
632.00  68.43845989
633.00  68.41922889
634.00  68.40000746
635.00  68.38079558
636.00  68.36159320
637.00  68.34240032
638.00  68.32321689
639.00  68.30404288
640.00  68.28487828
641.00  68.26572304
642.00  68.24657715
643.00  68.22744057
644.00  68.20831328
645.00  68.18919524
646.00  68.17008644
647.00  68.15098683
648.00  68.13189640
649.00  68.11281512
650.00  68.09374296
651.00  68.07467988
652.00  68.05562587
653.00  68.03658090
654.00  68.01754494
655.00  67.99851796
656.00  67.97949993
657.00  67.96049084
658.00  67.94149064
659.00  67.92249933
660.00  67.90351686
661.00  67.88454321
662.00  67.86557836
663.00  67.84662228
664.00  67.82767495
665.00  67.80873633
666.00  67.78980641
667.00  67.77088515
668.00  67.75197253
669.00  67.73306853
670.00  67.71417312
671.00  67.69528627
672.00  67.67640796
673.00  67.65753816
674.00  67.63867685
675.00  67.61982401
676.00  67.60097960
677.00  67.58214360
678.00  67.56331600
679.00  67.54449675
680.00  67.52568585
681.00  67.50688326
682.00  67.48808896
683.00  67.46930293
684.00  67.45052513
685.00  67.43175556
686.00  67.41299417
687.00  67.39424096
688.00  67.37549589
689.00  67.35675894
690.00  67.33803009
691.00  67.31930931
692.00  67.30059659
693.00  67.28189189
694.00  67.26319519
695.00  67.24450647
696.00  67.22582571
697.00  67.20715288
698.00  67.18848796
699.00  67.16983093
700.00  67.15118176
701.00  67.13254044
702.00  67.11390693
703.00  67.09528122
704.00  67.07666328
705.00  67.05805309
706.00  67.03945063
707.00  67.02085587
708.00  67.00226880
709.00  66.98368939
710.00  66.96511762
711.00  66.94655346
712.00  66.92799690
713.00  66.90944791
714.00  66.89090647
715.00  66.87237256
716.00  66.85384616
717.00  66.83532725
718.00  66.81681580
719.00  66.79831179
720.00  66.77981520
721.00  66.76132601
722.00  66.74284420
723.00  66.72436975
724.00  66.70590263
725.00  66.68744283
726.00  66.66899032
727.00  66.65054509
728.00  66.63210710
729.00  66.61367635
730.00  66.59525281
731.00  66.57683646
732.00  66.55842728
733.00  66.54002525
734.00  66.52163034
735.00  66.50324254
736.00  66.48486184
737.00  66.46648819
738.00  66.44812160
739.00  66.42976203
740.00  66.41140947
741.00  66.39306390
742.00  66.37472529
743.00  66.35639363
744.00  66.33806890
745.00  66.31975107
746.00  66.30144013
747.00  66.28313606
748.00  66.26483884
749.00  66.24654845
750.00  66.22826487
751.00  66.20998808
752.00  66.19171806
753.00  66.17345479
754.00  66.15519826
755.00  66.13694843
756.00  66.11870531
757.00  66.10046886
758.00  66.08223906
759.00  66.06401590
760.00  66.04579936
761.00  66.02758942
762.00  66.00938607
763.00  65.99118927
764.00  65.97299902
765.00  65.95481530
766.00  65.93663808
767.00  65.91846735
768.00  65.90030309
769.00  65.88214528
770.00  65.86399391
771.00  65.84584895
772.00  65.82771039
773.00  65.80957821
774.00  65.79145240
775.00  65.77333292
776.00  65.75521977
777.00  65.73711293
778.00  65.71901238
779.00  65.70091810
780.00  65.68283007
781.00  65.66474828
782.00  65.64667271
783.00  65.62860334
784.00  65.61054016
785.00  65.59248314
786.00  65.57443228
787.00  65.55638754
788.00  65.53834892
789.00  65.52031640
790.00  65.50228996
791.00  65.48426958
792.00  65.46625525
793.00  65.44824695
794.00  65.43024465
795.00  65.41224836
796.00  65.39425804
797.00  65.37627369
798.00  65.35829528
799.00  65.34032280
800.00  65.32235623
801.00  65.30439555
802.00  65.28644076
803.00  65.26849183
804.00  65.25054874
805.00  65.23261148
806.00  65.21468003
807.00  65.19675438
808.00  65.17883451
809.00  65.16092041
810.00  65.14301205
811.00  65.12510942
812.00  65.10721251
813.00  65.08932130
814.00  65.07143577
815.00  65.05355591
816.00  65.03568171
817.00  65.01781313
818.00  64.99995018
819.00  64.98209283
820.00  64.96424108
821.00  64.94639489
822.00  64.92855426
823.00  64.91071917
824.00  64.89288961
825.00  64.87506556
826.00  64.85724701
827.00  64.83943393
828.00  64.82162632
829.00  64.80382416
830.00  64.78602743
831.00  64.76823612
832.00  64.75045022
833.00  64.73266970
834.00  64.71489455
835.00  64.69712477
836.00  64.67936033
837.00  64.66160121
838.00  64.64384741
839.00  64.62609891
840.00  64.60835569
841.00  64.59061774
842.00  64.57288504
843.00  64.55515758
844.00  64.53743535
845.00  64.51971833
846.00  64.50200650
847.00  64.48429985
848.00  64.46659837
849.00  64.44890204
850.00  64.43121085
851.00  64.41352478
852.00  64.39584382
853.00  64.37816795
854.00  64.36049716
855.00  64.34283144
856.00  64.32517077
857.00  64.30751513
858.00  64.28986452
859.00  64.27221892
860.00  64.25457831
861.00  64.23694269
862.00  64.21931203
863.00  64.20168632
864.00  64.18406556
865.00  64.16644971
866.00  64.14883878
867.00  64.13123275
868.00  64.11363160
869.00  64.09603532
870.00  64.07844390
871.00  64.06085731
872.00  64.04327556
873.00  64.02569863
874.00  64.00812649
875.00  63.99055914
876.00  63.97299657
877.00  63.95543876
878.00  63.93788570
879.00  63.92033737
880.00  63.90279377
881.00  63.88525487
882.00  63.86772066
883.00  63.85019114
884.00  63.83266629
885.00  63.81514609
886.00  63.79763053
887.00  63.78011960
888.00  63.76261329
889.00  63.74511158
890.00  63.72761446
891.00  63.71012192
892.00  63.69263394
893.00  63.67515052
894.00  63.65767163
895.00  63.64019726
896.00  63.62272741
897.00  63.60526206
898.00  63.58780119
899.00  63.57034480
900.00  63.55289287
901.00  63.53544539
902.00  63.51800235
903.00  63.50056373
904.00  63.48312952
905.00  63.46569971
906.00  63.44827429
907.00  63.43085324
908.00  63.41343655
909.00  63.39602421
910.00  63.37861620
911.00  63.36121253
912.00  63.34381316
913.00  63.32641809
914.00  63.30902731
915.00  63.29164081
916.00  63.27425857
917.00  63.25688058
918.00  63.23950683
919.00  63.22213730
920.00  63.20477199
921.00  63.18741089
922.00  63.17005397
923.00  63.15270123
924.00  63.13535266
925.00  63.11800825
926.00  63.10066797
927.00  63.08333183
928.00  63.06599981
929.00  63.04867189
930.00  63.03134807
931.00  63.01402834
932.00  62.99671268
933.00  62.97940107
934.00  62.96209352
935.00  62.94479000
936.00  62.92749051
937.00  62.91019504
938.00  62.89290356
939.00  62.87561608
940.00  62.85833258
941.00  62.84105304
942.00  62.82377746
943.00  62.80650583
944.00  62.78923813
945.00  62.77197435
946.00  62.75471449
947.00  62.73745852
948.00  62.72020644
949.00  62.70295824
950.00  62.68571391
951.00  62.66847343
952.00  62.65123680
953.00  62.63400399
954.00  62.61677501
955.00  62.59954984
956.00  62.58232847
957.00  62.56511089
958.00  62.54789708
959.00  62.53068704
960.00  62.51348076
961.00  62.49627822
962.00  62.47907941
963.00  62.46188433
964.00  62.44469295
965.00  62.42750528
966.00  62.41032130
967.00  62.39314100
968.00  62.37596436
969.00  62.35879139
970.00  62.34162206
971.00  62.32445636
972.00  62.30729430
973.00  62.29013584
974.00  62.27298099
975.00  62.25582974
976.00  62.23868207
977.00  62.22153797
978.00  62.20439743
979.00  62.18726044
980.00  62.17012700
981.00  62.15299708
982.00  62.13587069
983.00  62.11874780
984.00  62.10162842
985.00  62.08451252
986.00  62.06740010
987.00  62.05029115
988.00  62.03318566
989.00  62.01608361
990.00  61.99898501
991.00  61.98188983
992.00  61.96479806
993.00  61.94770971
994.00  61.93062475
995.00  61.91354317
996.00  61.89646497
997.00  61.87939014
998.00  61.86231867
999.00  61.84525054
1000.00  61.82818574
1001.00  61.81112428
1002.00  61.79406613
1003.00  61.77701128
1004.00  61.75995973
1005.00  61.74291147
1006.00  61.72586648
1007.00  61.70882476
1008.00  61.69178629
1009.00  61.67475108
1010.00  61.65771909
1011.00  61.64069034
1012.00  61.62366480
1013.00  61.60664247
1014.00  61.58962334
1015.00  61.57260739
1016.00  61.55559463
1017.00  61.53858503
1018.00  61.52157859
1019.00  61.50457530
1020.00  61.48757515
1021.00  61.47057813
1022.00  61.45358423
1023.00  61.43659344
1024.00  61.41960575
1025.00  61.40262115
1026.00  61.38563963
1027.00  61.36866119
1028.00  61.35168581
1029.00  61.33471349
1030.00  61.31774420
1031.00  61.30077796
1032.00  61.28381474
1033.00  61.26685453
1034.00  61.24989733
1035.00  61.23294313
1036.00  61.21599192
1037.00  61.19904369
1038.00  61.18209842
1039.00  61.16515612
1040.00  61.14821676
1041.00  61.13128035
1042.00  61.11434687
1043.00  61.09741632
1044.00  61.08048868
1045.00  61.06356394
1046.00  61.04664210
1047.00  61.02972315
1048.00  61.01280707
1049.00  60.99589386
1050.00  60.97898351
1051.00  60.96207602
1052.00  60.94517136
1053.00  60.92826954
1054.00  60.91137054
1055.00  60.89447435
1056.00  60.87758097
1057.00  60.86069038
1058.00  60.84380259
1059.00  60.82691757
1060.00  60.81003532
1061.00  60.79315584
1062.00  60.77627910
1063.00  60.75940511
1064.00  60.74253385
1065.00  60.72566532
1066.00  60.70879951
1067.00  60.69193640
1068.00  60.67507599
1069.00  60.65821827
1070.00  60.64136324
1071.00  60.62451088
1072.00  60.60766118
1073.00  60.59081414
1074.00  60.57396974
1075.00  60.55712799
1076.00  60.54028886
1077.00  60.52345235
1078.00  60.50661846
1079.00  60.48978717
1080.00  60.47295848
1081.00  60.45613237
1082.00  60.43930885
1083.00  60.42248789
1084.00  60.40566949
1085.00  60.38885365
1086.00  60.37204035
1087.00  60.35522958
1088.00  60.33842135
1089.00  60.32161563
1090.00  60.30481242
1091.00  60.28801172
1092.00  60.27121351
1093.00  60.25441779
1094.00  60.23762454
1095.00  60.22083376
1096.00  60.20404544
1097.00  60.18725958
1098.00  60.17047616
1099.00  60.15369517
1100.00  60.13691661
1101.00  60.12014047
1102.00  60.10336675
1103.00  60.08659542
1104.00  60.06982649
1105.00  60.05305995
1106.00  60.03629578
1107.00  60.01953398
1108.00  60.00277455
1109.00  59.98601747
1110.00  59.96926274
1111.00  59.95251034
1112.00  59.93576027
1113.00  59.91901252
1114.00  59.90226709
1115.00  59.88552396
1116.00  59.86878313
1117.00  59.85204459
1118.00  59.83530833
1119.00  59.81857435
1120.00  59.80184263
1121.00  59.78511316
1122.00  59.76838595
1123.00  59.75166098
1124.00  59.73493824
1125.00  59.71821772
1126.00  59.70149943
1127.00  59.68478334
1128.00  59.66806946
1129.00  59.65135777
1130.00  59.63464827
1131.00  59.61794094
1132.00  59.60123579
1133.00  59.58453280
1134.00  59.56783196
1135.00  59.55113327
1136.00  59.53443672
1137.00  59.51774230
1138.00  59.50105001
1139.00  59.48435983
1140.00  59.46767177
1141.00  59.45098580
1142.00  59.43430192
1143.00  59.41762014
1144.00  59.40094043
1145.00  59.38426279
1146.00  59.36758721
1147.00  59.35091368
1148.00  59.33424221
1149.00  59.31757277
1150.00  59.30090537
1151.00  59.28423999
1152.00  59.26757663
1153.00  59.25091528
1154.00  59.23425593
1155.00  59.21759857
1156.00  59.20094321
1157.00  59.18428982
1158.00  59.16763840
1159.00  59.15098895
1160.00  59.13434145
1161.00  59.11769591
1162.00  59.10105230
1163.00  59.08441063
1164.00  59.06777089
1165.00  59.05113307
1166.00  59.03449716
1167.00  59.01786316
1168.00  59.00123105
1169.00  58.98460083
1170.00  58.96797250
1171.00  58.95134604
1172.00  58.93472145
1173.00  58.91809873
1174.00  58.90147785
1175.00  58.88485882
1176.00  58.86824163
1177.00  58.85162628
1178.00  58.83501275
1179.00  58.81840103
1180.00  58.80179113
1181.00  58.78518302
1182.00  58.76857672
1183.00  58.75197220
1184.00  58.73536946
1185.00  58.71876850
1186.00  58.70216931
1187.00  58.68557187
1188.00  58.66897619
1189.00  58.65238225
1190.00  58.63579005
1191.00  58.61919958
1192.00  58.60261084
1193.00  58.58602381
1194.00  58.56943849
1195.00  58.55285488
1196.00  58.53627296
1197.00  58.51969273
1198.00  58.50311419
1199.00  58.48653731
1200.00  58.46996211
1201.00  58.45338856
1202.00  58.43681667
1203.00  58.42024642
1204.00  58.40367782
1205.00  58.38711085
1206.00  58.37054550
1207.00  58.35398177
1208.00  58.33741965
1209.00  58.32085914
1210.00  58.30430023
1211.00  58.28774290
1212.00  58.27118717
1213.00  58.25463300
1214.00  58.23808041
1215.00  58.22152938
1216.00  58.20497991
1217.00  58.18843199
1218.00  58.17188561
1219.00  58.15534077
1220.00  58.13879745
1221.00  58.12225566
1222.00  58.10571538
1223.00  58.08917662
1224.00  58.07263935
1225.00  58.05610358
1226.00  58.03956930
1227.00  58.02303650
1228.00  58.00650517
1229.00  57.98997531
1230.00  57.97344692
1231.00  57.95691997
1232.00  57.94039448
1233.00  57.92387043
1234.00  57.90734781
1235.00  57.89082662
1236.00  57.87430685
1237.00  57.85778849
1238.00  57.84127154
1239.00  57.82475600
1240.00  57.80824184
1241.00  57.79172908
1242.00  57.77521770
1243.00  57.75870769
1244.00  57.74219905
1245.00  57.72569177
1246.00  57.70918584
1247.00  57.69268126
1248.00  57.67617803
1249.00  57.65967613
1250.00  57.64317556
1251.00  57.62667631
1252.00  57.61017837
1253.00  57.59368174
1254.00  57.57718642
1255.00  57.56069239
1256.00  57.54419965
1257.00  57.52770820
1258.00  57.51121802
1259.00  57.49472910
1260.00  57.47824146
1261.00  57.46175507
1262.00  57.44526993
1263.00  57.42878603
1264.00  57.41230337
1265.00  57.39582194
1266.00  57.37934174
1267.00  57.36286275
1268.00  57.34638498
1269.00  57.32990841
1270.00  57.31343304
1271.00  57.29695886
1272.00  57.28048586
1273.00  57.26401405
1274.00  57.24754341
1275.00  57.23107394
1276.00  57.21460563
1277.00  57.19813847
1278.00  57.18167246
1279.00  57.16520759
1280.00  57.14874386
1281.00  57.13228126
1282.00  57.11581977
1283.00  57.09935941
1284.00  57.08290015
1285.00  57.06644200
1286.00  57.04998495
1287.00  57.03352898
1288.00  57.01707410
1289.00  57.00062030
1290.00  56.98416758
1291.00  56.96771592
1292.00  56.95126531
1293.00  56.93481577
1294.00  56.91836727
1295.00  56.90191981
1296.00  56.88547338
1297.00  56.86902799
1298.00  56.85258361
1299.00  56.83614025
1300.00  56.81969791
1301.00  56.80325657
1302.00  56.78681622
1303.00  56.77037687
1304.00  56.75393850
1305.00  56.73750111
1306.00  56.72106470
1307.00  56.70462925
1308.00  56.68819476
1309.00  56.67176123
1310.00  56.65532865
1311.00  56.63889700
1312.00  56.62246630
1313.00  56.60603653
1314.00  56.58960768
1315.00  56.57317975
1316.00  56.55675273
1317.00  56.54032661
1318.00  56.52390140
1319.00  56.50747708
1320.00  56.49105365
1321.00  56.47463110
1322.00  56.45820943
1323.00  56.44178862
1324.00  56.42536868
1325.00  56.40894960
1326.00  56.39253137
1327.00  56.37611399
1328.00  56.35969744
1329.00  56.34328173
1330.00  56.32686685
1331.00  56.31045279
1332.00  56.29403954
1333.00  56.27762711
1334.00  56.26121548
1335.00  56.24480464
1336.00  56.22839460
1337.00  56.21198534
1338.00  56.19557687
1339.00  56.17916917
1340.00  56.16276223
1341.00  56.14635606
1342.00  56.12995065
1343.00  56.11354598
1344.00  56.09714206
1345.00  56.08073888
1346.00  56.06433644
1347.00  56.04793472
1348.00  56.03153372
1349.00  56.01513343
1350.00  55.99873385
1351.00  55.98233498
1352.00  55.96593681
1353.00  55.94953932
1354.00  55.93314253
1355.00  55.91674641
1356.00  55.90035097
1357.00  55.88395619
1358.00  55.86756208
1359.00  55.85116863
1360.00  55.83477582
1361.00  55.81838366
1362.00  55.80199214
1363.00  55.78560126
1364.00  55.76921100
1365.00  55.75282136
1366.00  55.73643234
1367.00  55.72004393
1368.00  55.70365612
1369.00  55.68726891
1370.00  55.67088230
1371.00  55.65449627
1372.00  55.63811083
1373.00  55.62172596
1374.00  55.60534166
1375.00  55.58895792
1376.00  55.57257475
1377.00  55.55619212
1378.00  55.53981004
1379.00  55.52342851
1380.00  55.50704751
1381.00  55.49066704
1382.00  55.47428709
1383.00  55.45790767
1384.00  55.44152875
1385.00  55.42515035
1386.00  55.40877244
1387.00  55.39239503
1388.00  55.37601811
1389.00  55.35964168
1390.00  55.34326572
1391.00  55.32689024
1392.00  55.31051522
1393.00  55.29414067
1394.00  55.27776657
1395.00  55.26139292
1396.00  55.24501972
1397.00  55.22864696
1398.00  55.21227463
1399.00  55.19590273
1400.00  55.17953125
1401.00  55.16316019
1402.00  55.14678954
1403.00  55.13041929
1404.00  55.11404945
1405.00  55.09768000
1406.00  55.08131093
1407.00  55.06494226
1408.00  55.04857395
1409.00  55.03220603
1410.00  55.01583846
1411.00  54.99947126
1412.00  54.98310442
1413.00  54.96673792
1414.00  54.95037177
1415.00  54.93400595
1416.00  54.91764047
1417.00  54.90127532
1418.00  54.88491049
1419.00  54.86854598
1420.00  54.85218177
1421.00  54.83581788
1422.00  54.81945428
1423.00  54.80309097
1424.00  54.78672796
1425.00  54.77036523
1426.00  54.75400278
1427.00  54.73764059
1428.00  54.72127868
1429.00  54.70491703
1430.00  54.68855563
1431.00  54.67219448
1432.00  54.65583358
1433.00  54.63947292
1434.00  54.62311249
1435.00  54.60675229
1436.00  54.59039232
1437.00  54.57403256
1438.00  54.55767301
1439.00  54.54131367
1440.00  54.52495453
1441.00  54.50859559
1442.00  54.49223683
1443.00  54.47587826
1444.00  54.45951987
1445.00  54.44316166
1446.00  54.42680361
1447.00  54.41044573
1448.00  54.39408800
1449.00  54.37773043
1450.00  54.36137300
1451.00  54.34501571
1452.00  54.32865856
1453.00  54.31230154
1454.00  54.29594465
1455.00  54.27958788
1456.00  54.26323122
1457.00  54.24687466
1458.00  54.23051822
1459.00  54.21416187
1460.00  54.19780561
1461.00  54.18144944
1462.00  54.16509335
1463.00  54.14873734
1464.00  54.13238140
1465.00  54.11602553
1466.00  54.09966972
1467.00  54.08331396
1468.00  54.06695825
1469.00  54.05060259
1470.00  54.03424696
1471.00  54.01789137
1472.00  54.00153581
1473.00  53.98518027
1474.00  53.96882475
1475.00  53.95246924
1476.00  53.93611373
1477.00  53.91975823
1478.00  53.90340273
1479.00  53.88704722
1480.00  53.87069169
1481.00  53.85433614
1482.00  53.83798057
1483.00  53.82162497
1484.00  53.80526933
1485.00  53.78891365
1486.00  53.77255792
1487.00  53.75620215
1488.00  53.73984631
1489.00  53.72349042
1490.00  53.70713446
1491.00  53.69077842
1492.00  53.67442231
1493.00  53.65806611
1494.00  53.64170982
1495.00  53.62535345
1496.00  53.60899697
1497.00  53.59264038
1498.00  53.57628369
1499.00  53.55992688
1500.00  53.54356996
1501.00  53.52721290
1502.00  53.51085572
1503.00  53.49449840
1504.00  53.47814094
1505.00  53.46178333
1506.00  53.44542557
1507.00  53.42906766
1508.00  53.41270958
1509.00  53.39635133
1510.00  53.37999291
1511.00  53.36363432
1512.00  53.34727554
1513.00  53.33091657
1514.00  53.31455741
1515.00  53.29819804
1516.00  53.28183848
1517.00  53.26547870
1518.00  53.24911871
1519.00  53.23275850
1520.00  53.21639807
1521.00  53.20003741
1522.00  53.18367650
1523.00  53.16731536
1524.00  53.15095398
1525.00  53.13459234
1526.00  53.11823044
1527.00  53.10186829
1528.00  53.08550586
1529.00  53.06914317
1530.00  53.05278020
1531.00  53.03641694
1532.00  53.02005340
1533.00  53.00368956
1534.00  52.98732543
1535.00  52.97096099
1536.00  52.95459625
1537.00  52.93823119
1538.00  52.92186581
1539.00  52.90550011
1540.00  52.88913408
1541.00  52.87276772
1542.00  52.85640102
1543.00  52.84003397
1544.00  52.82366657
1545.00  52.80729881
1546.00  52.79093070
1547.00  52.77456222
1548.00  52.75819337
1549.00  52.74182415
1550.00  52.72545454
1551.00  52.70908455
1552.00  52.69271417
1553.00  52.67634339
1554.00  52.65997221
1555.00  52.64360062
1556.00  52.62722862
1557.00  52.61085620
1558.00  52.59448337
1559.00  52.57811010
1560.00  52.56173640
1561.00  52.54536227
1562.00  52.52898769
1563.00  52.51261266
1564.00  52.49623718
1565.00  52.47986125
1566.00  52.46348484
1567.00  52.44710798
1568.00  52.43073063
1569.00  52.41435281
1570.00  52.39797451
1571.00  52.38159571
1572.00  52.36521643
1573.00  52.34883664
1574.00  52.33245635
1575.00  52.31607555
1576.00  52.29969423
1577.00  52.28331240
1578.00  52.26693004
1579.00  52.25054715
1580.00  52.23416372
1581.00  52.21777976
1582.00  52.20139524
1583.00  52.18501018
1584.00  52.16862457
1585.00  52.15223839
1586.00  52.13585165
1587.00  52.11946433
1588.00  52.10307644
1589.00  52.08668797
1590.00  52.07029892
1591.00  52.05390927
1592.00  52.03751902
1593.00  52.02112818
1594.00  52.00473672
1595.00  51.98834466
1596.00  51.97195198
1597.00  51.95555867
1598.00  51.93916474
1599.00  51.92277018
1600.00  51.90637498
1601.00  51.88997914
1602.00  51.87358265
1603.00  51.85718550
1604.00  51.84078770
1605.00  51.82438924
1606.00  51.80799011
1607.00  51.79159031
1608.00  51.77518982
1609.00  51.75878866
1610.00  51.74238680
1611.00  51.72598426
1612.00  51.70958101
1613.00  51.69317706
1614.00  51.67677241
1615.00  51.66036704
1616.00  51.64396095
1617.00  51.62755413
1618.00  51.61114659
1619.00  51.59473832
1620.00  51.57832930
1621.00  51.56191954
1622.00  51.54550903
1623.00  51.52909777
1624.00  51.51268575
1625.00  51.49627296
1626.00  51.47985940
1627.00  51.46344507
1628.00  51.44702996
1629.00  51.43061406
1630.00  51.41419738
1631.00  51.39777990
1632.00  51.38136161
1633.00  51.36494253
1634.00  51.34852263
1635.00  51.33210192
1636.00  51.31568039
1637.00  51.29925803
1638.00  51.28283484
1639.00  51.26641082
1640.00  51.24998595
1641.00  51.23356024
1642.00  51.21713368
1643.00  51.20070626
1644.00  51.18427798
1645.00  51.16784884
1646.00  51.15141882
1647.00  51.13498793
1648.00  51.11855616
1649.00  51.10212350
1650.00  51.08568995
1651.00  51.06925550
1652.00  51.05282015
1653.00  51.03638389
1654.00  51.01994672
1655.00  51.00350864
1656.00  50.98706963
1657.00  50.97062970
1658.00  50.95418883
1659.00  50.93774703
1660.00  50.92130428
1661.00  50.90486059
1662.00  50.88841595
1663.00  50.87197034
1664.00  50.85552378
1665.00  50.83907625
1666.00  50.82262774
1667.00  50.80617826
1668.00  50.78972779
1669.00  50.77327634
1670.00  50.75682389
1671.00  50.74037044
1672.00  50.72391600
1673.00  50.70746054
1674.00  50.69100407
1675.00  50.67454658
1676.00  50.65808807
1677.00  50.64162853
1678.00  50.62516796
1679.00  50.60870634
1680.00  50.59224369
1681.00  50.57577998
1682.00  50.55931522
1683.00  50.54284941
1684.00  50.52638252
1685.00  50.50991457
1686.00  50.49344555
1687.00  50.47697544
1688.00  50.46050425
1689.00  50.44403197
1690.00  50.42755860
1691.00  50.41108413
1692.00  50.39460855
1693.00  50.37813186
1694.00  50.36165406
1695.00  50.34517514
1696.00  50.32869509
1697.00  50.31221391
1698.00  50.29573160
1699.00  50.27924815
1700.00  50.26276355
1701.00  50.24627780
1702.00  50.22979089
1703.00  50.21330283
1704.00  50.19681360
1705.00  50.18032319
1706.00  50.16383161
1707.00  50.14733886
1708.00  50.13084491
1709.00  50.11434977
1710.00  50.09785344
1711.00  50.08135590
1712.00  50.06485716
1713.00  50.04835721
1714.00  50.03185604
1715.00  50.01535365
1716.00  49.99885003
1717.00  49.98234518
1718.00  49.96583909
1719.00  49.94933176
1720.00  49.93282318
1721.00  49.91631335
1722.00  49.89980227
1723.00  49.88328992
1724.00  49.86677630
1725.00  49.85026141
1726.00  49.83374524
1727.00  49.81722779
1728.00  49.80070905
1729.00  49.78418901
1730.00  49.76766768
1731.00  49.75114504
1732.00  49.73462110
1733.00  49.71809584
1734.00  49.70156926
1735.00  49.68504136
1736.00  49.66851213
1737.00  49.65198157
1738.00  49.63544966
1739.00  49.61891641
1740.00  49.60238181
1741.00  49.58584586
1742.00  49.56930855
1743.00  49.55276987
1744.00  49.53622982
1745.00  49.51968840
1746.00  49.50314559
1747.00  49.48660140
1748.00  49.47005582
1749.00  49.45350884
1750.00  49.43696047
1751.00  49.42041068
1752.00  49.40385949
1753.00  49.38730688
1754.00  49.37075284
1755.00  49.35419738
1756.00  49.33764049
1757.00  49.32108216
1758.00  49.30452239
1759.00  49.28796117
1760.00  49.27139850
1761.00  49.25483437
1762.00  49.23826878
1763.00  49.22170172
1764.00  49.20513319
1765.00  49.18856318
1766.00  49.17199168
1767.00  49.15541870
1768.00  49.13884422
1769.00  49.12226825
1770.00  49.10569077
1771.00  49.08911178
1772.00  49.07253127
1773.00  49.05594925
1774.00  49.03936570
1775.00  49.02278062
1776.00  49.00619401
1777.00  48.98960586
1778.00  48.97301616
1779.00  48.95642491
1780.00  48.93983210
1781.00  48.92323773
1782.00  48.90664180
1783.00  48.89004429
1784.00  48.87344521
1785.00  48.85684455
1786.00  48.84024230
1787.00  48.82363845
1788.00  48.80703301
1789.00  48.79042597
1790.00  48.77381732
1791.00  48.75720705
1792.00  48.74059517
1793.00  48.72398166
1794.00  48.70736653
1795.00  48.69074976
1796.00  48.67413135
1797.00  48.65751130
1798.00  48.64088959
1799.00  48.62426624
1800.00  48.60764122
1801.00  48.59101454
1802.00  48.57438618
1803.00  48.55775615
1804.00  48.54112444
1805.00  48.52449104
1806.00  48.50785596
1807.00  48.49121917
1808.00  48.47458068
1809.00  48.45794049
1810.00  48.44129858
1811.00  48.42465495
1812.00  48.40800961
1813.00  48.39136253
1814.00  48.37471372
1815.00  48.35806317
1816.00  48.34141088
1817.00  48.32475683
1818.00  48.30810104
1819.00  48.29144348
1820.00  48.27478416
1821.00  48.25812306
1822.00  48.24146020
1823.00  48.22479555
1824.00  48.20812911
1825.00  48.19146088
1826.00  48.17479086
1827.00  48.15811903
1828.00  48.14144540
1829.00  48.12476995
1830.00  48.10809268
1831.00  48.09141359
1832.00  48.07473268
1833.00  48.05804993
1834.00  48.04136534
1835.00  48.02467890
1836.00  48.00799061
1837.00  47.99130047
1838.00  47.97460847
1839.00  47.95791460
1840.00  47.94121887
1841.00  47.92452125
1842.00  47.90782175
1843.00  47.89112037
1844.00  47.87441709
1845.00  47.85771192
1846.00  47.84100484
1847.00  47.82429585
1848.00  47.80758495
1849.00  47.79087213
1850.00  47.77415738
1851.00  47.75744071
1852.00  47.74072210
1853.00  47.72400155
1854.00  47.70727905
1855.00  47.69055460
1856.00  47.67382819
1857.00  47.65709983
1858.00  47.64036949
1859.00  47.62363718
1860.00  47.60690289
1861.00  47.59016662
1862.00  47.57342836
1863.00  47.55668810
1864.00  47.53994585
1865.00  47.52320159
1866.00  47.50645531
1867.00  47.48970703
1868.00  47.47295672
1869.00  47.45620438
1870.00  47.43945001
1871.00  47.42269360
1872.00  47.40593515
1873.00  47.38917465
1874.00  47.37241210
1875.00  47.35564748
1876.00  47.33888080
1877.00  47.32211205
1878.00  47.30534123
1879.00  47.28856832
1880.00  47.27179333
1881.00  47.25501624
1882.00  47.23823705
1883.00  47.22145577
1884.00  47.20467237
1885.00  47.18788686
1886.00  47.17109923
1887.00  47.15430947
1888.00  47.13751759
1889.00  47.12072356
1890.00  47.10392740
1891.00  47.08712909
1892.00  47.07032862
1893.00  47.05352600
1894.00  47.03672121
1895.00  47.01991426
1896.00  47.00310513
1897.00  46.98629382
1898.00  46.96948032
1899.00  46.95266463
1900.00  46.93584675
1901.00  46.91902666
1902.00  46.90220437
1903.00  46.88537986
1904.00  46.86855313
1905.00  46.85172418
1906.00  46.83489300
1907.00  46.81805958
1908.00  46.80122392
1909.00  46.78438602
1910.00  46.76754586
1911.00  46.75070344
1912.00  46.73385877
1913.00  46.71701182
1914.00  46.70016260
1915.00  46.68331109
1916.00  46.66645730
1917.00  46.64960122
1918.00  46.63274285
1919.00  46.61588217
1920.00  46.59901918
1921.00  46.58215388
1922.00  46.56528626
1923.00  46.54841631
1924.00  46.53154403
1925.00  46.51466942
1926.00  46.49779246
1927.00  46.48091316
1928.00  46.46403151
1929.00  46.44714749
1930.00  46.43026111
1931.00  46.41337236
1932.00  46.39648124
1933.00  46.37958773
1934.00  46.36269183
1935.00  46.34579355
1936.00  46.32889286
1937.00  46.31198977
1938.00  46.29508427
1939.00  46.27817636
1940.00  46.26126602
1941.00  46.24435325
1942.00  46.22743806
1943.00  46.21052042
1944.00  46.19360034
1945.00  46.17667781
1946.00  46.15975283
1947.00  46.14282538
1948.00  46.12589547
1949.00  46.10896308
1950.00  46.09202822
1951.00  46.07509087
1952.00  46.05815103
1953.00  46.04120870
1954.00  46.02426386
1955.00  46.00731652
1956.00  45.99036666
1957.00  45.97341428
1958.00  45.95645938
1959.00  45.93950195
1960.00  45.92254199
1961.00  45.90557948
1962.00  45.88861442
1963.00  45.87164681
1964.00  45.85467664
1965.00  45.83770390
1966.00  45.82072860
1967.00  45.80375071
1968.00  45.78677025
1969.00  45.76978719
1970.00  45.75280154
1971.00  45.73581329
1972.00  45.71882244
1973.00  45.70182897
1974.00  45.68483288
1975.00  45.66783417
1976.00  45.65083283
1977.00  45.63382886
1978.00  45.61682224
1979.00  45.59981298
1980.00  45.58280106
1981.00  45.56578649
1982.00  45.54876925
1983.00  45.53174934
1984.00  45.51472675
1985.00  45.49770148
1986.00  45.48067352
1987.00  45.46364286
1988.00  45.44660951
1989.00  45.42957345
1990.00  45.41253467
1991.00  45.39549318
1992.00  45.37844897
1993.00  45.36140202
1994.00  45.34435234
1995.00  45.32729991
1996.00  45.31024474
1997.00  45.29318681
1998.00  45.27612612
1999.00  45.25906267
2000.00  45.24199644
2001.00  45.22492743
2002.00  45.20785565
2003.00  45.19078107
2004.00  45.17370369
2005.00  45.15662351
2006.00  45.13954053
2007.00  45.12245472
2008.00  45.10536610
2009.00  45.08827465
2010.00  45.07118037
2011.00  45.05408325
2012.00  45.03698329
2013.00  45.01988047
2014.00  45.00277480
2015.00  44.98566627
2016.00  44.96855486
2017.00  44.95144058
2018.00  44.93432342
2019.00  44.91720337
2020.00  44.90008043
2021.00  44.88295459
2022.00  44.86582584
2023.00  44.84869418
2024.00  44.83155960
2025.00  44.81442210
2026.00  44.79728167
2027.00  44.78013830
2028.00  44.76299198
2029.00  44.74584272
2030.00  44.72869050
2031.00  44.71153533
2032.00  44.69437718
2033.00  44.67721606
2034.00  44.66005196
2035.00  44.64288487
2036.00  44.62571479
2037.00  44.60854172
2038.00  44.59136563
2039.00  44.57418654
2040.00  44.55700443
2041.00  44.53981929
2042.00  44.52263113
2043.00  44.50543992
2044.00  44.48824568
2045.00  44.47104839
2046.00  44.45384804
2047.00  44.43664463
2048.00  44.41943815
2049.00  44.40222860
2050.00  44.38501596
2051.00  44.36780024
2052.00  44.35058143
2053.00  44.33335952
2054.00  44.31613450
2055.00  44.29890637
2056.00  44.28167512
2057.00  44.26444075
2058.00  44.24720324
2059.00  44.22996260
2060.00  44.21271881
2061.00  44.19547188
2062.00  44.17822178
2063.00  44.16096852
2064.00  44.14371210
2065.00  44.12645249
2066.00  44.10918971
2067.00  44.09192373
2068.00  44.07465456
2069.00  44.05738219
2070.00  44.04010661
2071.00  44.02282781
2072.00  44.00554579
2073.00  43.98826055
2074.00  43.97097207
2075.00  43.95368035
2076.00  43.93638538
2077.00  43.91908716
2078.00  43.90178567
2079.00  43.88448092
2080.00  43.86717290
2081.00  43.84986160
2082.00  43.83254701
2083.00  43.81522912
2084.00  43.79790794
2085.00  43.78058345
2086.00  43.76325565
2087.00  43.74592453
2088.00  43.72859008
2089.00  43.71125230
2090.00  43.69391118
2091.00  43.67656671
2092.00  43.65921889
2093.00  43.64186771
2094.00  43.62451317
2095.00  43.60715525
2096.00  43.58979396
2097.00  43.57242928
2098.00  43.55506120
2099.00  43.53768973
2100.00  43.52031485
2101.00  43.50293655
2102.00  43.48555484
2103.00  43.46816970
2104.00  43.45078113
2105.00  43.43338912
2106.00  43.41599366
2107.00  43.39859475
2108.00  43.38119238
2109.00  43.36378654
2110.00  43.34637723
2111.00  43.32896444
2112.00  43.31154816
2113.00  43.29412839
2114.00  43.27670512
2115.00  43.25927834
2116.00  43.24184804
2117.00  43.22441422
2118.00  43.20697688
2119.00  43.18953600
2120.00  43.17209158
2121.00  43.15464361
2122.00  43.13719208
2123.00  43.11973699
2124.00  43.10227834
2125.00  43.08481610
2126.00  43.06735028
2127.00  43.04988088
2128.00  43.03240787
2129.00  43.01493126
2130.00  42.99745104
2131.00  42.97996721
2132.00  42.96247974
2133.00  42.94498865
2134.00  42.92749391
2135.00  42.90999553
2136.00  42.89249350
2137.00  42.87498781
2138.00  42.85747845
2139.00  42.83996541
2140.00  42.82244870
2141.00  42.80492830
2142.00  42.78740420
2143.00  42.76987640
2144.00  42.75234489
2145.00  42.73480966
2146.00  42.71727071
2147.00  42.69972803
2148.00  42.68218161
2149.00  42.66463144
2150.00  42.64707753
2151.00  42.62951985
2152.00  42.61195841
2153.00  42.59439319
2154.00  42.57682419
2155.00  42.55925141
2156.00  42.54167483
2157.00  42.52409445
2158.00  42.50651025
2159.00  42.48892224
2160.00  42.47133041
2161.00  42.45373474
2162.00  42.43613524
2163.00  42.41853189
2164.00  42.40092469
2165.00  42.38331362
2166.00  42.36569869
2167.00  42.34807988
2168.00  42.33045719
2169.00  42.31283061
2170.00  42.29520014
2171.00  42.27756576
2172.00  42.25992746
2173.00  42.24228525
2174.00  42.22463911
2175.00  42.20698904
2176.00  42.18933502
2177.00  42.17167706
2178.00  42.15401514
2179.00  42.13634925
2180.00  42.11867940
2181.00  42.10100556
2182.00  42.08332774
2183.00  42.06564593
2184.00  42.04796011
2185.00  42.03027029
2186.00  42.01257645
2187.00  41.99487859
2188.00  41.97717669
2189.00  41.95947076
2190.00  41.94176078
2191.00  41.92404674
2192.00  41.90632865
2193.00  41.88860648
2194.00  41.87088024
2195.00  41.85314992
2196.00  41.83541550
2197.00  41.81767698
2198.00  41.79993436
2199.00  41.78218762
2200.00  41.76443676
2201.00  41.74668176
2202.00  41.72892263
2203.00  41.71115936
2204.00  41.69339193
2205.00  41.67562034
2206.00  41.65784458
2207.00  41.64006464
2208.00  41.62228052
2209.00  41.60449221
2210.00  41.58669970
2211.00  41.56890298
2212.00  41.55110204
2213.00  41.53329688
2214.00  41.51548749
2215.00  41.49767386
2216.00  41.47985599
2217.00  41.46203386
2218.00  41.44420746
2219.00  41.42637680
2220.00  41.40854186
2221.00  41.39070263
2222.00  41.37285911
2223.00  41.35501128
2224.00  41.33715914
2225.00  41.31930269
2226.00  41.30144191
2227.00  41.28357680
2228.00  41.26570734
2229.00  41.24783354
2230.00  41.22995537
2231.00  41.21207284
2232.00  41.19418594
2233.00  41.17629465
2234.00  41.15839897
2235.00  41.14049890
2236.00  41.12259441
2237.00  41.10468552
2238.00  41.08677220
2239.00  41.06885444
2240.00  41.05093225
2241.00  41.03300562
2242.00  41.01507452
2243.00  40.99713897
2244.00  40.97919894
2245.00  40.96125443
2246.00  40.94330543
2247.00  40.92535194
2248.00  40.90739394
2249.00  40.88943143
2250.00  40.87146439
2251.00  40.85349283
2252.00  40.83551673
2253.00  40.81753608
2254.00  40.79955088
2255.00  40.78156111
2256.00  40.76356678
2257.00  40.74556786
2258.00  40.72756436
2259.00  40.70955626
2260.00  40.69154355
2261.00  40.67352623
2262.00  40.65550429
2263.00  40.63747772
2264.00  40.61944650
2265.00  40.60141065
2266.00  40.58337013
2267.00  40.56532495
2268.00  40.54727510
2269.00  40.52922057
2270.00  40.51116135
2271.00  40.49309742
2272.00  40.47502880
2273.00  40.45695545
2274.00  40.43887738
2275.00  40.42079458
2276.00  40.40270704
2277.00  40.38461474
2278.00  40.36651769
2279.00  40.34841587
2280.00  40.33030927
2281.00  40.31219789
2282.00  40.29408171
2283.00  40.27596073
2284.00  40.25783494
2285.00  40.23970433
2286.00  40.22156889
2287.00  40.20342862
2288.00  40.18528349
2289.00  40.16713351
2290.00  40.14897867
2291.00  40.13081895
2292.00  40.11265435
2293.00  40.09448486
2294.00  40.07631047
2295.00  40.05813118
2296.00  40.03994696
2297.00  40.02175782
2298.00  40.00356374
2299.00  39.98536471
2300.00  39.96716074
2301.00  39.94895180
2302.00  39.93073789
2303.00  39.91251899
2304.00  39.89429511
2305.00  39.87606623
2306.00  39.85783234
2307.00  39.83959343
2308.00  39.82134950
2309.00  39.80310053
2310.00  39.78484652
2311.00  39.76658745
2312.00  39.74832332
2313.00  39.73005412
2314.00  39.71177983
2315.00  39.69350046
2316.00  39.67521598
2317.00  39.65692640
2318.00  39.63863170
2319.00  39.62033187
2320.00  39.60202690
2321.00  39.58371678
2322.00  39.56540151
2323.00  39.54708108
2324.00  39.52875547
2325.00  39.51042467
2326.00  39.49208868
2327.00  39.47374749
2328.00  39.45540109
2329.00  39.43704946
2330.00  39.41869261
2331.00  39.40033051
2332.00  39.38196316
2333.00  39.36359055
2334.00  39.34521267
2335.00  39.32682951
2336.00  39.30844106
2337.00  39.29004732
2338.00  39.27164826
2339.00  39.25324389
2340.00  39.23483419
2341.00  39.21641916
2342.00  39.19799877
2343.00  39.17957303
2344.00  39.16114193
2345.00  39.14270545
2346.00  39.12426358
2347.00  39.10581631
2348.00  39.08736364
2349.00  39.06890556
2350.00  39.05044205
2351.00  39.03197310
2352.00  39.01349871
2353.00  38.99501886
2354.00  38.97653355
2355.00  38.95804277
2356.00  38.93954650
2357.00  38.92104473
2358.00  38.90253746
2359.00  38.88402468
2360.00  38.86550637
2361.00  38.84698252
2362.00  38.82845313
2363.00  38.80991819
2364.00  38.79137768
2365.00  38.77283159
2366.00  38.75427992
2367.00  38.73572265
2368.00  38.71715978
2369.00  38.69859129
2370.00  38.68001718
2371.00  38.66143742
2372.00  38.64285203
2373.00  38.62426097
2374.00  38.60566424
2375.00  38.58706184
2376.00  38.56845375
2377.00  38.54983996
2378.00  38.53122046
2379.00  38.51259525
2380.00  38.49396430
2381.00  38.47532761
2382.00  38.45668517
2383.00  38.43803697
2384.00  38.41938300
2385.00  38.40072324
2386.00  38.38205770
2387.00  38.36338635
2388.00  38.34470918
2389.00  38.32602619
2390.00  38.30733736
2391.00  38.28864269
2392.00  38.26994216
2393.00  38.25123577
2394.00  38.23252349
2395.00  38.21380533
2396.00  38.19508126
2397.00  38.17635129
2398.00  38.15761539
2399.00  38.13887356
2400.00  38.12012579
2401.00  38.10137207
2402.00  38.08261238
2403.00  38.06384671
2404.00  38.04507506
2405.00  38.02629741
2406.00  38.00751375
2407.00  37.98872407
2408.00  37.96992836
2409.00  37.95112661
2410.00  37.93231880
2411.00  37.91350493
2412.00  37.89468499
2413.00  37.87585896
2414.00  37.85702683
2415.00  37.83818859
2416.00  37.81934423
2417.00  37.80049375
2418.00  37.78163711
2419.00  37.76277433
2420.00  37.74390538
2421.00  37.72503025
2422.00  37.70614894
2423.00  37.68726143
2424.00  37.66836770
2425.00  37.64946776
2426.00  37.63056158
2427.00  37.61164915
2428.00  37.59273047
2429.00  37.57380552
2430.00  37.55487430
2431.00  37.53593678
2432.00  37.51699295
2433.00  37.49804282
2434.00  37.47908635
2435.00  37.46012355
2436.00  37.44115441
2437.00  37.42217889
2438.00  37.40319701
2439.00  37.38420874
2440.00  37.36521408
2441.00  37.34621301
2442.00  37.32720551
2443.00  37.30819159
2444.00  37.28917122
2445.00  37.27014440
2446.00  37.25111110
2447.00  37.23207133
2448.00  37.21302507
2449.00  37.19397230
2450.00  37.17491302
2451.00  37.15584721
2452.00  37.13677486
2453.00  37.11769595
2454.00  37.09861049
2455.00  37.07951844
2456.00  37.06041981
2457.00  37.04131458
2458.00  37.02220273
2459.00  37.00308426
2460.00  36.98395915
2461.00  36.96482739
2462.00  36.94568897
2463.00  36.92654388
2464.00  36.90739209
2465.00  36.88823361
2466.00  36.86906841
2467.00  36.84989649
2468.00  36.83071783
2469.00  36.81153243
2470.00  36.79234026
2471.00  36.77314131
2472.00  36.75393558
2473.00  36.73472305
2474.00  36.71550370
2475.00  36.69627753
2476.00  36.67704452
2477.00  36.65780466
2478.00  36.63855793
2479.00  36.61930433
2480.00  36.60004384
2481.00  36.58077644
2482.00  36.56150213
2483.00  36.54222089
2484.00  36.52293271
2485.00  36.50363758
2486.00  36.48433547
2487.00  36.46502639
2488.00  36.44571031
2489.00  36.42638723
2490.00  36.40705712
2491.00  36.38771998
2492.00  36.36837580
2493.00  36.34902456
2494.00  36.32966624
2495.00  36.31030083
2496.00  36.29092833
2497.00  36.27154871
2498.00  36.25216197
2499.00  36.23276809
2500.00  36.21336705
2501.00  36.19395885
2502.00  36.17454346
2503.00  36.15512088
2504.00  36.13569110
2505.00  36.11625409
2506.00  36.09680985
2507.00  36.07735836
2508.00  36.05789960
2509.00  36.03843358
2510.00  36.01896026
2511.00  35.99947963
2512.00  35.97999169
2513.00  35.96049642
2514.00  35.94099381
2515.00  35.92148383
2516.00  35.90196648
2517.00  35.88244174
2518.00  35.86290961
2519.00  35.84337005
2520.00  35.82382307
2521.00  35.80426864
2522.00  35.78470676
2523.00  35.76513740
2524.00  35.74556056
2525.00  35.72597622
2526.00  35.70638436
2527.00  35.68678497
2528.00  35.66717804
2529.00  35.64756355
2530.00  35.62794149
2531.00  35.60831184
2532.00  35.58867459
2533.00  35.56902973
2534.00  35.54937723
2535.00  35.52971709
2536.00  35.51004929
2537.00  35.49037381
2538.00  35.47069065
2539.00  35.45099978
2540.00  35.43130119
2541.00  35.41159487
2542.00  35.39188080
2543.00  35.37215897
2544.00  35.35242935
2545.00  35.33269195
2546.00  35.31294673
2547.00  35.29319370
2548.00  35.27343282
2549.00  35.25366409
2550.00  35.23388749
2551.00  35.21410301
2552.00  35.19431063
2553.00  35.17451033
2554.00  35.15470210
2555.00  35.13488593
2556.00  35.11506180
2557.00  35.09522969
2558.00  35.07538959
2559.00  35.05554148
2560.00  35.03568535
2561.00  35.01582118
2562.00  34.99594896
2563.00  34.97606867
2564.00  34.95618029
2565.00  34.93628381
2566.00  34.91637922
2567.00  34.89646649
2568.00  34.87654561
2569.00  34.85661657
2570.00  34.83667935
2571.00  34.81673393
2572.00  34.79678031
2573.00  34.77681845
2574.00  34.75684835
2575.00  34.73686998
2576.00  34.71688334
2577.00  34.69688841
2578.00  34.67688517
2579.00  34.65687360
2580.00  34.63685369
2581.00  34.61682543
2582.00  34.59678878
2583.00  34.57674375
2584.00  34.55669031
2585.00  34.53662844
2586.00  34.51655814
2587.00  34.49647937
2588.00  34.47639213
2589.00  34.45629640
2590.00  34.43619217
2591.00  34.41607940
2592.00  34.39595810
2593.00  34.37582824
2594.00  34.35568980
2595.00  34.33554277
2596.00  34.31538713
2597.00  34.29522287
2598.00  34.27504996
2599.00  34.25486839
2600.00  34.23467814
2601.00  34.21447920
2602.00  34.19427154
2603.00  34.17405515
2604.00  34.15383002
2605.00  34.13359612
2606.00  34.11335344
2607.00  34.09310196
2608.00  34.07284166
2609.00  34.05257253
2610.00  34.03229455
2611.00  34.01200769
2612.00  33.99171195
2613.00  33.97140730
2614.00  33.95109372
2615.00  33.93077121
2616.00  33.91043973
2617.00  33.89009928
2618.00  33.86974983
2619.00  33.84939136
2620.00  33.82902387
2621.00  33.80864732
2622.00  33.78826171
2623.00  33.76786700
2624.00  33.74746320
2625.00  33.72705027
2626.00  33.70662819
2627.00  33.68619696
2628.00  33.66575655
2629.00  33.64530693
2630.00  33.62484811
2631.00  33.60438004
2632.00  33.58390273
2633.00  33.56341614
2634.00  33.54292025
2635.00  33.52241506
2636.00  33.50190054
2637.00  33.48137667
2638.00  33.46084343
2639.00  33.44030080
2640.00  33.41974877
2641.00  33.39918732
2642.00  33.37861641
2643.00  33.35803605
2644.00  33.33744620
2645.00  33.31684685
2646.00  33.29623798
2647.00  33.27561956
2648.00  33.25499158
2649.00  33.23435402
2650.00  33.21370687
2651.00  33.19305009
2652.00  33.17238367
2653.00  33.15170759
2654.00  33.13102182
2655.00  33.11032636
2656.00  33.08962118
2657.00  33.06890626
2658.00  33.04818158
2659.00  33.02744711
2660.00  33.00670285
2661.00  32.98594876
2662.00  32.96518483
2663.00  32.94441104
2664.00  32.92362737
2665.00  32.90283379
2666.00  32.88203029
2667.00  32.86121684
2668.00  32.84039343
2669.00  32.81956003
2670.00  32.79871662
2671.00  32.77786319
2672.00  32.75699970
2673.00  32.73612615
2674.00  32.71524250
2675.00  32.69434874
2676.00  32.67344485
2677.00  32.65253080
2678.00  32.63160658
2679.00  32.61067216
2680.00  32.58972751
2681.00  32.56877263
2682.00  32.54780748
2683.00  32.52683205
2684.00  32.50584631
2685.00  32.48485025
2686.00  32.46384383
2687.00  32.44282705
2688.00  32.42179987
2689.00  32.40076227
2690.00  32.37971423
2691.00  32.35865574
2692.00  32.33758676
2693.00  32.31650728
2694.00  32.29541727
2695.00  32.27431671
2696.00  32.25320558
2697.00  32.23208385
2698.00  32.21095150
2699.00  32.18980852
2700.00  32.16865487
2701.00  32.14749053
2702.00  32.12631549
2703.00  32.10512971
2704.00  32.08393318
2705.00  32.06272587
2706.00  32.04150776
2707.00  32.02027883
2708.00  31.99903904
2709.00  31.97778839
2710.00  31.95652684
2711.00  31.93525437
2712.00  31.91397095
2713.00  31.89267658
2714.00  31.87137121
2715.00  31.85005482
2716.00  31.82872740
2717.00  31.80738892
2718.00  31.78603935
2719.00  31.76467868
2720.00  31.74330686
2721.00  31.72192389
2722.00  31.70052974
2723.00  31.67912437
2724.00  31.65770778
2725.00  31.63627993
2726.00  31.61484080
2727.00  31.59339036
2728.00  31.57192859
2729.00  31.55045546
2730.00  31.52897095
2731.00  31.50747504
2732.00  31.48596769
2733.00  31.46444889
2734.00  31.44291861
2735.00  31.42137682
2736.00  31.39982349
2737.00  31.37825861
2738.00  31.35668214
2739.00  31.33509407
2740.00  31.31349435
2741.00  31.29188298
2742.00  31.27025992
2743.00  31.24862514
2744.00  31.22697863
2745.00  31.20532035
2746.00  31.18365027
2747.00  31.16196838
2748.00  31.14027464
2749.00  31.11856903
2750.00  31.09685152
2751.00  31.07512209
2752.00  31.05338070
2753.00  31.03162734
2754.00  31.00986197
2755.00  30.98808456
2756.00  30.96629510
2757.00  30.94449354
2758.00  30.92267988
2759.00  30.90085406
2760.00  30.87901608
2761.00  30.85716591
2762.00  30.83530350
2763.00  30.81342884
2764.00  30.79154191
2765.00  30.76964266
2766.00  30.74773107
2767.00  30.72580712
2768.00  30.70387078
2769.00  30.68192201
2770.00  30.65996079
2771.00  30.63798710
2772.00  30.61600089
2773.00  30.59400215
2774.00  30.57199085
2775.00  30.54996694
2776.00  30.52793042
2777.00  30.50588124
2778.00  30.48381938
2779.00  30.46174481
2780.00  30.43965750
2781.00  30.41755742
2782.00  30.39544454
2783.00  30.37331883
2784.00  30.35118025
2785.00  30.32902879
2786.00  30.30686441
2787.00  30.28468708
2788.00  30.26249677
2789.00  30.24029345
2790.00  30.21807709
2791.00  30.19584766
2792.00  30.17360512
2793.00  30.15134946
2794.00  30.12908063
2795.00  30.10679860
2796.00  30.08450335
2797.00  30.06219484
2798.00  30.03987304
2799.00  30.01753792
2800.00  29.99518945
2801.00  29.97282760
2802.00  29.95045234
2803.00  29.92806362
2804.00  29.90566143
2805.00  29.88324573
2806.00  29.86081648
2807.00  29.83837366
2808.00  29.81591723
2809.00  29.79344716
2810.00  29.77096342
2811.00  29.74846597
2812.00  29.72595478
2813.00  29.70342983
2814.00  29.68089106
2815.00  29.65833846
2816.00  29.63577199
2817.00  29.61319161
2818.00  29.59059730
2819.00  29.56798901
2820.00  29.54536671
2821.00  29.52273038
2822.00  29.50007997
2823.00  29.47741545
2824.00  29.45473679
2825.00  29.43204395
2826.00  29.40933690
2827.00  29.38661561
2828.00  29.36388003
2829.00  29.34113014
2830.00  29.31836589
2831.00  29.29558726
2832.00  29.27279420
2833.00  29.24998669
2834.00  29.22716469
2835.00  29.20432815
2836.00  29.18147705
2837.00  29.15861135
2838.00  29.13573101
2839.00  29.11283600
2840.00  29.08992628
2841.00  29.06700182
2842.00  29.04406257
2843.00  29.02110850
2844.00  28.99813957
2845.00  28.97515575
2846.00  28.95215700
2847.00  28.92914328
2848.00  28.90611455
2849.00  28.88307078
2850.00  28.86001193
2851.00  28.83693796
2852.00  28.81384883
2853.00  28.79074451
2854.00  28.76762495
2855.00  28.74449012
2856.00  28.72133997
2857.00  28.69817448
2858.00  28.67499360
2859.00  28.65179729
2860.00  28.62858551
2861.00  28.60535822
2862.00  28.58211539
2863.00  28.55885697
2864.00  28.53558293
2865.00  28.51229322
2866.00  28.48898780
2867.00  28.46566664
2868.00  28.44232968
2869.00  28.41897690
2870.00  28.39560826
2871.00  28.37222370
2872.00  28.34882319
2873.00  28.32540669
2874.00  28.30197415
2875.00  28.27852554
2876.00  28.25506081
2877.00  28.23157993
2878.00  28.20808284
2879.00  28.18456951
2880.00  28.16103989
2881.00  28.13749394
2882.00  28.11393163
2883.00  28.09035289
2884.00  28.06675770
2885.00  28.04314601
2886.00  28.01951778
2887.00  27.99587296
2888.00  27.97221150
2889.00  27.94853338
2890.00  27.92483853
2891.00  27.90112691
2892.00  27.87739849
2893.00  27.85365321
2894.00  27.82989104
2895.00  27.80611192
2896.00  27.78231581
2897.00  27.75850267
2898.00  27.73467245
2899.00  27.71082510
2900.00  27.68696058
2901.00  27.66307885
2902.00  27.63917985
2903.00  27.61526353
2904.00  27.59132986
2905.00  27.56737879
2906.00  27.54341026
2907.00  27.51942424
2908.00  27.49542066
2909.00  27.47139950
2910.00  27.44736069
2911.00  27.42330419
2912.00  27.39922995
2913.00  27.37513792
2914.00  27.35102805
2915.00  27.32690031
2916.00  27.30275462
2917.00  27.27859095
2918.00  27.25440925
2919.00  27.23020947
2920.00  27.20599155
2921.00  27.18175545
2922.00  27.15750111
2923.00  27.13322849
2924.00  27.10893754
2925.00  27.08462819
2926.00  27.06030041
2927.00  27.03595414
2928.00  27.01158933
2929.00  26.98720593
2930.00  26.96280388
2931.00  26.93838313
2932.00  26.91394363
2933.00  26.88948533
2934.00  26.86500817
2935.00  26.84051210
2936.00  26.81599707
2937.00  26.79146302
2938.00  26.76690990
2939.00  26.74233765
2940.00  26.71774622
2941.00  26.69313556
2942.00  26.66850561
2943.00  26.64385631
2944.00  26.61918761
2945.00  26.59449946
2946.00  26.56979179
2947.00  26.54506455
2948.00  26.52031769
2949.00  26.49555115
2950.00  26.47076486
2951.00  26.44595878
2952.00  26.42113285
2953.00  26.39628700
2954.00  26.37142119
2955.00  26.34653535
2956.00  26.32162942
2957.00  26.29670334
2958.00  26.27175706
2959.00  26.24679052
2960.00  26.22180365
2961.00  26.19679640
2962.00  26.17176871
2963.00  26.14672051
2964.00  26.12165175
2965.00  26.09656236
2966.00  26.07145228
2967.00  26.04632146
2968.00  26.02116982
2969.00  25.99599732
2970.00  25.97080387
2971.00  25.94558943
2972.00  25.92035393
2973.00  25.89509730
2974.00  25.86981948
2975.00  25.84452041
2976.00  25.81920003
2977.00  25.79385827
2978.00  25.76849505
2979.00  25.74311033
2980.00  25.71770403
2981.00  25.69227609
2982.00  25.66682645
2983.00  25.64135502
2984.00  25.61586176
2985.00  25.59034659
2986.00  25.56480944
2987.00  25.53925025
2988.00  25.51366894
2989.00  25.48806546
2990.00  25.46243973
2991.00  25.43679168
2992.00  25.41112124
2993.00  25.38542835
2994.00  25.35971293
2995.00  25.33397491
2996.00  25.30821423
2997.00  25.28243081
2998.00  25.25662458
2999.00  25.23079546
3000.00  25.20494339
3001.00  25.17906830
3002.00  25.15317010
3003.00  25.12724874
3004.00  25.10130412
3005.00  25.07533619
3006.00  25.04934486
3007.00  25.02333007
3008.00  24.99729173
3009.00  24.97122977
3010.00  24.94514411
3011.00  24.91903469
3012.00  24.89290141
3013.00  24.86674421
3014.00  24.84056301
3015.00  24.81435773
3016.00  24.78812829
3017.00  24.76187461
3018.00  24.73559662
3019.00  24.70929423
3020.00  24.68296737
3021.00  24.65661595
3022.00  24.63023990
3023.00  24.60383913
3024.00  24.57741356
3025.00  24.55096311
3026.00  24.52448770
3027.00  24.49798725
3028.00  24.47146166
3029.00  24.44491087
3030.00  24.41833478
3031.00  24.39173331
3032.00  24.36510637
3033.00  24.33845389
3034.00  24.31177576
3035.00  24.28507192
3036.00  24.25834226
3037.00  24.23158671
3038.00  24.20480518
3039.00  24.17799757
3040.00  24.15116380
3041.00  24.12430378
3042.00  24.09741743
3043.00  24.07050464
3044.00  24.04356533
3045.00  24.01659941
3046.00  23.98960679
3047.00  23.96258738
3048.00  23.93554108
3049.00  23.90846779
3050.00  23.88136744
3051.00  23.85423991
3052.00  23.82708512
3053.00  23.79990298
3054.00  23.77269338
3055.00  23.74545623
3056.00  23.71819144
3057.00  23.69089890
3058.00  23.66357852
3059.00  23.63623021
3060.00  23.60885385
3061.00  23.58144936
3062.00  23.55401663
3063.00  23.52655556
3064.00  23.49906605
3065.00  23.47154800
3066.00  23.44400130
3067.00  23.41642586
3068.00  23.38882157
3069.00  23.36118833
3070.00  23.33352602
3071.00  23.30583456
3072.00  23.27811382
3073.00  23.25036371
3074.00  23.22258411
3075.00  23.19477492
3076.00  23.16693603
3077.00  23.13906734
3078.00  23.11116872
3079.00  23.08324008
3080.00  23.05528130
3081.00  23.02729227
3082.00  22.99927287
3083.00  22.97122300
3084.00  22.94314254
3085.00  22.91503137
3086.00  22.88688938
3087.00  22.85871647
3088.00  22.83051249
3089.00  22.80227736
3090.00  22.77401093
3091.00  22.74571310
3092.00  22.71738375
3093.00  22.68902275
3094.00  22.66063000
3095.00  22.63220535
3096.00  22.60374870
3097.00  22.57525992
3098.00  22.54673888
3099.00  22.51818547
3100.00  22.48959955
3101.00  22.46098100
3102.00  22.43232970
3103.00  22.40364551
3104.00  22.37492832
3105.00  22.34617798
3106.00  22.31739437
3107.00  22.28857736
3108.00  22.25972681
3109.00  22.23084260
3110.00  22.20192460
3111.00  22.17297265
3112.00  22.14398665
3113.00  22.11496643
3114.00  22.08591188
3115.00  22.05682285
3116.00  22.02769921
3117.00  21.99854080
3118.00  21.96934751
3119.00  21.94011917
3120.00  21.91085566
3121.00  21.88155683
3122.00  21.85222253
3123.00  21.82285262
3124.00  21.79344695
3125.00  21.76400538
3126.00  21.73452776
3127.00  21.70501394
3128.00  21.67546377
3129.00  21.64587710
3130.00  21.61625377
3131.00  21.58659365
3132.00  21.55689656
3133.00  21.52716236
3134.00  21.49739090
3135.00  21.46758200
3136.00  21.43773553
3137.00  21.40785131
3138.00  21.37792918
3139.00  21.34796900
3140.00  21.31797058
3141.00  21.28793378
3142.00  21.25785842
3143.00  21.22774434
3144.00  21.19759138
3145.00  21.16739936
3146.00  21.13716811
3147.00  21.10689747
3148.00  21.07658726
3149.00  21.04623731
3150.00  21.01584745
3151.00  20.98541751
3152.00  20.95494729
3153.00  20.92443663
3154.00  20.89388535
3155.00  20.86329327
3156.00  20.83266021
3157.00  20.80198597
3158.00  20.77127039
3159.00  20.74051327
3160.00  20.70971442
3161.00  20.67887367
3162.00  20.64799081
3163.00  20.61706566
3164.00  20.58609802
3165.00  20.55508770
3166.00  20.52403451
3167.00  20.49293825
3168.00  20.46179872
3169.00  20.43061572
3170.00  20.39938905
3171.00  20.36811850
3172.00  20.33680388
3173.00  20.30544497
3174.00  20.27404158
3175.00  20.24259348
3176.00  20.21110047
3177.00  20.17956234
3178.00  20.14797888
3179.00  20.11634986
3180.00  20.08467507
3181.00  20.05295430
3182.00  20.02118732
3183.00  19.98937390
3184.00  19.95751383
3185.00  19.92560689
3186.00  19.89365283
3187.00  19.86165144
3188.00  19.82960248
3189.00  19.79750572
3190.00  19.76536092
3191.00  19.73316785
3192.00  19.70092627
3193.00  19.66863594
3194.00  19.63629662
3195.00  19.60390805
3196.00  19.57147000
3197.00  19.53898222
3198.00  19.50644446
3199.00  19.47385646
3200.00  19.44121797
3201.00  19.40852873
3202.00  19.37578849
3203.00  19.34299697
3204.00  19.31015393
3205.00  19.27725910
3206.00  19.24431220
3207.00  19.21131297
3208.00  19.17826113
3209.00  19.14515641
3210.00  19.11199854
3211.00  19.07878723
3212.00  19.04552221
3213.00  19.01220319
3214.00  18.97882988
3215.00  18.94540199
3216.00  18.91191924
3217.00  18.87838132
3218.00  18.84478795
3219.00  18.81113882
3220.00  18.77743363
3221.00  18.74367209
3222.00  18.70985387
3223.00  18.67597867
3224.00  18.64204618
3225.00  18.60805608
3226.00  18.57400806
3227.00  18.53990178
3228.00  18.50573694
3229.00  18.47151320
3230.00  18.43723023
3231.00  18.40288771
3232.00  18.36848528
3233.00  18.33402262
3234.00  18.29949938
3235.00  18.26491521
3236.00  18.23026977
3237.00  18.19556271
3238.00  18.16079367
3239.00  18.12596229
3240.00  18.09106821
3241.00  18.05611106
3242.00  18.02109047
3243.00  17.98600608
3244.00  17.95085751
3245.00  17.91564437
3246.00  17.88036628
3247.00  17.84502286
3248.00  17.80961371
3249.00  17.77413844
3250.00  17.73859665
3251.00  17.70298794
3252.00  17.66731190
3253.00  17.63156813
3254.00  17.59575619
3255.00  17.55987569
3256.00  17.52392619
3257.00  17.48790726
3258.00  17.45181848
3259.00  17.41565940
3260.00  17.37942960
3261.00  17.34312861
3262.00  17.30675600
3263.00  17.27031130
3264.00  17.23379406
3265.00  17.19720381
3266.00  17.16054009
3267.00  17.12380241
3268.00  17.08699031
3269.00  17.05010330
3270.00  17.01314088
3271.00  16.97610257
3272.00  16.93898785
3273.00  16.90179624
3274.00  16.86452721
3275.00  16.82718026
3276.00  16.78975485
3277.00  16.75225046
3278.00  16.71466656
3279.00  16.67700260
3280.00  16.63925805
3281.00  16.60143234
3282.00  16.56352493
3283.00  16.52553524
3284.00  16.48746271
3285.00  16.44930675
3286.00  16.41106679
3287.00  16.37274224
3288.00  16.33433249
3289.00  16.29583694
3290.00  16.25725498
3291.00  16.21858599
3292.00  16.17982935
3293.00  16.14098441
3294.00  16.10205055
3295.00  16.06302711
3296.00  16.02391344
3297.00  15.98470886
3298.00  15.94541271
3299.00  15.90602431
3300.00  15.86654296
3301.00  15.82696798
3302.00  15.78729864
3303.00  15.74753425
3304.00  15.70767407
3305.00  15.66771737
3306.00  15.62766340
3307.00  15.58751143
3308.00  15.54726068
3309.00  15.50691038
3310.00  15.46645975
3311.00  15.42590800
3312.00  15.38525433
3313.00  15.34449792
3314.00  15.30363796
3315.00  15.26267361
3316.00  15.22160402
3317.00  15.18042834
3318.00  15.13914570
3319.00  15.09775522
3320.00  15.05625600
3321.00  15.01464715
3322.00  14.97292775
3323.00  14.93109687
3324.00  14.88915357
3325.00  14.84709688
3326.00  14.80492585
3327.00  14.76263950
3328.00  14.72023681
3329.00  14.67771679
3330.00  14.63507842
3331.00  14.59232064
3332.00  14.54944240
3333.00  14.50644264
3334.00  14.46332027
3335.00  14.42007418
3336.00  14.37670326
3337.00  14.33320638
3338.00  14.28958237
3339.00  14.24583007
3340.00  14.20194829
3341.00  14.15793582
3342.00  14.11379144
3343.00  14.06951391
3344.00  14.02510196
3345.00  13.98055431
3346.00  13.93586965
3347.00  13.89104666
3348.00  13.84608400
3349.00  13.80098029
3350.00  13.75573415
3351.00  13.71034416
3352.00  13.66480890
3353.00  13.61912689
3354.00  13.57329665
3355.00  13.52731668
3356.00  13.48118544
3357.00  13.43490137
3358.00  13.38846288
3359.00  13.34186837
3360.00  13.29511617
3361.00  13.24820463
3362.00  13.20113204
3363.00  13.15389667
3364.00  13.10649676
3365.00  13.05893051
3366.00  13.01119610
3367.00  12.96329166
3368.00  12.91521531
3369.00  12.86696511
3370.00  12.81853909
3371.00  12.76993526
3372.00  12.72115158
3373.00  12.67218595
3374.00  12.62303627
3375.00  12.57370037
3376.00  12.52417606
3377.00  12.47446107
3378.00  12.42455312
3379.00  12.37444988
3380.00  12.32414896
3381.00  12.27364793
3382.00  12.22294429
3383.00  12.17203553
3384.00  12.12091905
3385.00  12.06959220
3386.00  12.01805230
3387.00  11.96629658
3388.00  11.91432224
3389.00  11.86212639
3390.00  11.80970609
3391.00  11.75705834
3392.00  11.70418007
3393.00  11.65106813
3394.00  11.59771932
3395.00  11.54413034
3396.00  11.49029784
3397.00  11.43621837
3398.00  11.38188840
3399.00  11.32730434
3400.00  11.27246248
3401.00  11.21735905
3402.00  11.16199016
3403.00  11.10635184
3404.00  11.05044003
3405.00  10.99425053
3406.00  10.93777909
3407.00  10.88102129
3408.00  10.82397263
3409.00  10.76662849
3410.00  10.70898411
3411.00  10.65103462
3412.00  10.59277501
3413.00  10.53420013
3414.00  10.47530469
3415.00  10.41608324
3416.00  10.35653019
3417.00  10.29663979
3418.00  10.23640611
3419.00  10.17582304
3420.00  10.11488432
3421.00  10.05358347
3422.00   9.99191382
3423.00   9.92986849
3424.00   9.86744041
3425.00   9.80462224
3426.00   9.74140645
3427.00   9.67778523
3428.00   9.61375055
3429.00   9.54929406
3430.00   9.48440718
3431.00   9.41908099
3432.00   9.35330631
3433.00   9.28707359
3434.00   9.22037295
3435.00   9.15319417
3436.00   9.08552664
3437.00   9.01735934
3438.00   8.94868086
3439.00   8.87947933
3440.00   8.80974242
3441.00   8.73945732
3442.00   8.66861067
3443.00   8.59718861
3444.00   8.52517665
3445.00   8.45255973
3446.00   8.37932210
3447.00   8.30544735
3448.00   8.23091831
3449.00   8.15571705
3450.00   8.07982479
3451.00   8.00322188
3452.00   7.92588769
3453.00   7.84780061
3454.00   7.76893794
3455.00   7.68927580
3456.00   7.60878908
3457.00   7.52745132
3458.00   7.44523463
3459.00   7.36210957
3460.00   7.27804499
3461.00   7.19300796
3462.00   7.10696356
3463.00   7.01987475
3464.00   6.93170216
3465.00   6.84240388
3466.00   6.75193525
3467.00   6.66024857
3468.00   6.56729282
3469.00   6.47301333
3470.00   6.37735137
3471.00   6.28024378
3472.00   6.18162241
3473.00   6.08141363
3474.00   5.97953760
3475.00   5.87590762
3476.00   5.77042917
3477.00   5.66299897
3478.00   5.55350375
3479.00   5.44181885
3480.00   5.32780655
3481.00   5.21131411
3482.00   5.09217130
3483.00   4.97018753
3484.00   4.84514822
3485.00   4.71681036
3486.00   4.58489696
3487.00   4.44908999
3488.00   4.30902132
3489.00   4.16426093
3490.00   4.01430126
3491.00   3.85853617
3492.00   3.69623177
3493.00   3.52648526
3494.00   3.34816492
3495.00   3.15981950
